// Lab3 tests
1. n = 10    k=1,  h=0.2
2. n = 10,   k=10, h=0.8
4. n = 50,   k=2,  h=0.2
3. n = 50,   k=9,  h=0.8
5. n = 1000, k=5,  h=0.6

// Report
Name, Last name, album number
1. n = 10,   h=0.2
2. n = 100,  h=0.4
3. n = 500,  h=0.6
4. n = 1000, h=0.8
    k   |   Upper bound(R)  |   Funkcja celu(K)  |   Błąd względny  |   Czas
----------------------------------------------------------------------------------
 1      |
 2      |
 3      |
 4      |
 5      |
 6      |
 7      |
 8      |
 9      |
10      |

// Lab5
Solutions space searching, meta heuristics or branch&bound

1221 11 5 2 6 9 8 1 3 0 7 4

1235 2 0 2 6 9 1 8 5 3 7 4

2471 0 0 1 2 3 4 5 6 7 8 9
1613 0 5 4 0 2 3 1 8 6 9 7

93473 98 71 40 16 44 85 1 19 6 55 76 18 22 45 87 54 86 53 80 58 67 24 93 37 95 30 56 72 82 39 46 70 99 79 4 89 9 84 57 59 41 73 31 75 98 83 91 21 27 51 61 48 25 90 42 11 5 47 12 60 26 69 35 14 34 64 49 0 23 2 33 17 68 15 63 62 74 94 65 36 96 28 32 38 13 77 29 81 43 52 8 78 97 10 66 92 20 7 3 50 88
89922 98 71 40 16 44 85 1 19 6 55 76 18 22 45 87 54 86 53 80 58 67 24 93 37 95 30 56 72 82 39 46 70 99 79 4 89 9 84 57 59 41 73 31 75 98 83 91 21 27 51 61 48 25 90 42 11 5 47 12 60 63 62 74 23 68 15 26 69 94 65 35 34 33 2 36 0 64 17 96 49 14 28 32 38 13 77 29 81 43 52 8 78 97 10 66 92 20 7 3 50 88

223620 0 0 1 2 3 4 5 6 7 8 9 10 11 12 13 14 15 16 17 18 19 20 21 22 23 24 25 26 27 28 29 30 31 32 33 34 35 36 37 38 39 40 41 42 43 44 45 46 47 48 49 50 51 52 53 54 55 56 57 58 59 60 61 62 63 64 65 66 67 68 69 70 71 72 73 74 75 76 77 78 79 80 81 82 83 84 85 86 87 88 89 90 91 92 93 94 95 96 97 98 99

14062768 0 355 652 824 189 61 230 20 483 757 446 868 832 451 113 439 173 132 46 280 563 806 256 651 491 302 216 819 277 47 151 834 31 306 782 638 378 835 221 443 55 410 696 392 518 524 737 97 543 435 699 726 478 320 715 881 146 182 553 943 766 781 953 140 738 42 369 73 585 56 338 86 165 95 533 889 676 690 466 915 416 82 383 22 10 299 423 658 807 19 152 341 723 944 735 933 456 297 928 147 576 89 567 947 683 765 234 400 797 511 809 18 457 59 646 815 107 403 624 719 810 611 279 169 9 96 869 346 126 109 612 581 761 559 176 844 539 166 255 545 891 428 323 357 961 253 321 630 776 258 512 579 247 528 364 490 750 337 471 982 936 298 621 753 301 888 133 978 996 849 455 885 60 945 347 984 542 968 438 350 522 453 713 68 463 909 203 305 905 547 870 243 110 130 847 134 441 538 665 692 194 340 848 983 505 281 292 517 752 828 972 670 50 161 251 472 893 499 703 312 615 294 906 148 131 154 903 504 365 425 324 773 991 162 808 282 183 648 963 36 825 998 960 767 789 103 125 622 500 729 83 858 460 84 375 32 219 882 2 283 291 741 204 604 736 976 398 671 190 236 276 700 492 521 303 344 160 163 124 836 80 222 249 842 388 123 902 77 506 811 149 796 554 122 594 883 225 38 336 41 90 694 417 287 373 626 762 315 405 561 743 359 408 507 795 167 197 427 153 558 818 958 452 418 846 800 988 887 111 816 444 566 971 322 637 957 362 802 69 589 150 233 486 764 367 706 206 643 860 880 777 618 771 965 997 431 568 476 557 155 196 768 178 358 212 691 790 672 30 829 34 993 649 393 707 603 450 503 855 820 482 406 129 727 979 758 242 602 237 261 710 655 308 284 516 37 636 217 595 21 432 6 925 941 244 526 29 650 850 955 252 137 722 136 88 205 879 44 424 659 625 296 399 465 854 697 912 520 1 57 751 396 551 642 434 591 352 470 385 224 327 571 583 588 666 826 865 812 116 827 593 898 628 680 387 519 989 442 407 461 115 40 180 644 174 873 948 977 616 647 380 634 745 940 108 705 54 343 859 384 267 510 857 754 791 285 733 739 787 181 295 257 540 14 79 831 684 896 931 717 278 447 778 241 3 158 85 744 412 927 260 513 426 536 725 580 200 395 139 840 640 886 475 609 851 794 720 693 833 164 592 805 852 91 606 613 660 677 981 335 381 537 999 619 617 742 8 813 386 186 892 62 228 639 721 397 597 354 572 145 313 143 39 269 112 144 474 804 201 786 899 657 866 890 913 623 497 986 747 560 360 942 402 329 939 24 76 351 527 117 377 35 709 923 926 600 264 376 582 995 454 876 485 759 590 788 120 100 920 681 187 179 211 569 610 250 4 227 106 326 523 688 391 921 382 577 951 270 916 755 496 587 919 307 430 746 673 248 823 215 99 938 71 238 288 159 45 319 897 772 904 487 959 564 679 366 13 964 445 65 171 664 730 954 760 75 856 862 515 530 488 949 544 686 780 985 548 987 689 92 550 952 756 575 525 956 701 127 318 374 12 27 678 72 775 779 969 601 419 950 11 798 184 105 218 495 331 58 930 371 394 175 170 668 763 271 529 415 26 994 214 223 924 422 480 15 195 202 94 440 213 578 193 198 731 273 770 830 64 704 641 353 573 877 937 814 718 946 328 653 316 317 404 631 861 839 711 232 698 843 508 263 339 310 220 586 325 875 458 356 229 565 555 785 656 535 884 803 239 330 128 935 740 484 16 43 266 51 837 363 245 654 208 493 549 185 101 17 607 966 574 5 265 93 226 157 674 552 841 871 645 531 635 932 53 872 0 275 289 25 342 801 980 240 489 156 633 911 546 437 172 599 975 792 66 605 620 411 687 207 300 168 81 990 293 922 348 304 254 749 541 514 413 863 87 748 732 345 914 929 349 98 199 962 332 629 907 467 370 501 52 390 290 724 917 498 708 853 970 462 910 974 114 33 259 662 502 878 477 494 992 118 769 468 864 632 901 102 333 895 682 311 469 436 401 262 627 48 272 596 675 420 449 119 210 783 135 695 874 368 598 409 556 188 584 429 231 845 28 534 121 734 799 608 900 473 23 138 918 309 685 389 235 49 479 821 177 142 663 70 191 209 141 714 867 414 973 74 509 274 7 532 246 361 104 614 967 716 459 817 894 728 793 286 562 669 661 372 934 448 268 334 314 838 774 481 570 192 464 67 702 433 908 63 822 712 667 78 421 379 784
14062731 0 355 652 824 189 61 230 20 483 757 446 868 832 451 113 439 173 132 46 280 563 806 256 651 491 302 216 819 277 47 151 834 31 306 782 638 378 835 221 443 55 410 696 392 518 524 737 97 543 435 699 726 478 320 715 881 146 182 553 943 766 781 953 140 738 42 369 73 585 56 338 86 165 95 533 889 676 690 466 915 416 82 383 22 10 299 423 658 807 19 152 341 723 944 735 933 456 297 928 147 576 89 567 947 683 765 234 400 797 511 809 18 457 59 646 815 107 403 624 719 810 611 279 169 9 96 869 346 126 109 612 581 761 559 176 844 539 166 255 545 891 428 323 357 961 253 321 630 776 258 512 579 247 528 364 490 750 337 471 982 936 298 621 753 301 888 133 978 996 849 455 885 60 945 347 984 542 968 438 350 522 453 713 68 463 909 203 305 905 547 870 243 110 130 847 134 441 538 665 692 194 340 848 983 505 281 292 517 752 828 972 670 50 161 251 472 893 499 703 312 615 294 906 148 131 154 903 504 365 425 324 773 991 162 808 282 183 648 963 36 825 998 960 767 789 103 125 622 500 729 83 858 460 84 375 32 219 882 2 283 291 741 204 604 736 976 398 671 190 236 276 700 492 521 303 344 160 163 124 836 80 222 249 842 388 123 902 77 506 811 149 796 554 122 594 225 883 38 336 694 41 90 417 287 373 626 762 315 405 561 743 359 408 507 795 167 197 427 153 558 818 958 452 418 846 800 988 887 111 816 444 566 971 322 637 957 362 802 69 589 150 233 486 764 367 706 206 643 860 880 777 618 771 965 997 431 568 476 557 155 196 768 178 358 212 691 790 672 30 829 34 993 649 393 707 603 450 503 855 820 482 406 129 727 979 758 242 602 237 261 710 655 308 284 516 37 636 217 595 21 432 6 925 941 244 526 29 650 850 955 252 137 722 136 88 205 879 44 424 659 625 296 399 465 854 697 912 520 1 57 751 396 551 642 434 591 352 470 385 224 327 571 583 588 666 826 865 812 116 827 593 898 628 680 387 519 989 442 407 461 115 40 180 644 174 873 948 977 616 647 380 634 745 940 108 705 54 343 859 384 267 510 857 754 791 285 733 739 787 181 295 257 540 14 79 831 684 896 931 717 278 447 778 241 3 158 85 744 412 927 260 513 426 536 725 580 200 395 139 840 640 886 475 609 851 794 720 693 833 164 592 805 852 91 606 613 660 677 981 335 381 537 999 619 617 742 8 813 386 186 892 62 228 639 721 397 597 354 572 145 313 143 39 269 112 144 474 804 201 786 899 657 866 890 913 623 497 986 747 560 360 942 402 329 939 24 76 351 527 117 377 35 709 923 926 600 264 376 582 995 454 876 485 759 590 788 120 100 920 681 187 179 211 569 610 250 4 227 106 326 523 688 391 921 382 577 951 270 916 755 496 587 919 307 430 746 673 248 823 215 99 938 71 238 288 159 45 319 897 772 904 487 959 564 679 366 13 964 445 65 171 664 730 954 760 75 856 862 515 530 488 949 544 686 780 985 548 987 689 92 550 952 756 575 525 956 701 127 318 374 12 27 678 72 775 779 969 601 419 950 11 798 184 105 218 495 331 58 930 371 394 175 170 668 763 271 529 415 26 994 214 223 924 422 480 15 195 202 94 440 213 578 193 198 731 273 770 830 64 704 641 353 573 877 937 814 718 946 328 653 316 317 404 631 861 839 711 232 698 843 508 263 339 310 220 586 325 875 458 356 229 565 555 785 656 535 884 803 239 330 128 935 740 484 16 43 266 51 837 363 245 654 208 493 549 185 101 17 607 966 574 5 265 93 226 157 674 552 841 871 645 531 635 932 53 872 0 275 289 25 342 801 980 240 489 156 633 911 546 437 172 599 975 792 66 605 620 411 687 207 300 168 81 990 293 922 348 304 254 749 541 514 413 863 87 748 732 345 914 929 349 98 199 962 332 629 907 467 370 501 52 390 290 724 917 498 708 853 970 462 910 974 114 33 259 662 502 878 477 494 992 118 769 468 864 632 901 102 333 895 682 311 469 436 401 262 627 48 272 596 675 420 449 119 210 783 135 695 874 368 598 409 556 188 584 429 231 845 28 534 121 734 799 608 900 473 23 138 918 309 685 389 235 49 479 821 177 142 663 70 191 209 141 714 867 414 973 74 509 274 7 532 246 361 104 614 967 716 459 817 894 728 793 286 562 669 661 372 934 448 268 334 314 838 774 481 570 192 464 67 702 433 908 63 822 712 667 78 421 379 784
